октябрь 2025
02	19	Вайль	1644
03	19	Вайль	1643
04	12	Кукареку	1631
	19	Декамерон	1633
05	12	Хоттабыч	1614
	15	Любимая	1632
	19	Альбом	1619
11	12	Свиньи	1635
	19	Тоска	1615
12	15	Крокодил	1634
	19	Онегин	1618
17	19	Письма	1616
18	12	Каша	1636
	15	СП	1617
	19	СП	1626
19	15	Апельсины	1585
	19	Пиковая	1627
25	12	Рикки	1621
	15	Спящая	1640
	19	Любовный	1624
26	12	Муравей	1620
	15	Любимая	1637
	19	Баттерфляй	1622
28	12	Теремок	1641
	15	Незнайка	1628
29	12	Чехов	1625
	15	Крокодил	1642
30	12	Клык	1623
	16	Клык	1630
31	12	5б	1639
	15	5б	1638
	19	Салтан	1629